type	latitude	longitude	altitude (m)	name	desc
T	59.911614093	10.733292590	3.8	Halvmaraton	name=Halvmaraton
T	59.911673677	10.733014053	3.9		
T	59.912030000	10.731450000	4.1		
T	59.912160000	10.731000000	4.8		
T	59.912500000	10.729580000	7.5		
T	59.912660000	10.728950000	8.1		
T	59.912820000	10.728340000	7.6		
T	59.913140000	10.727330000	13.3		
T	59.913110000	10.727020000	13.2		
T	59.912520000	10.725250000	10.6		
T	59.912450000	10.725070000	10.0		
T	59.912490000	10.724970000	10.1		
T	59.913100000	10.723560000	11.8		
T	59.913100000	10.723430000	11.5		
T	59.912020000	10.721950000	9.0		
T	59.911930000	10.721780000	8.4		
T	59.911930000	10.721640000	8.0		
T	59.911940000	10.721470000	8.0		
T	59.911940000	10.721090000	7.9		
T	59.911940000	10.719320000	7.0		
T	59.911930000	10.718590000	6.8		
T	59.911930000	10.718350000	6.8		
T	59.911900000	10.715310000	9.7		
T	59.911880000	10.714410000	10.4		
T	59.911830000	10.713520000	12.6		
T	59.911830000	10.713230000	12.0		
T	59.911910000	10.712650000	12.6		
T	59.911960000	10.712390000	13.0		
T	59.912530000	10.710690000	8.5		
T	59.912670000	10.710480000	7.9		
T	59.912850000	10.710460000	8.3		
T	59.912870000	10.709680000	8.7		
T	59.912960000	10.706700000	11.0		
T	59.913000000	10.706340000	11.1		
T	59.913060000	10.706040000	12.0		
T	59.913410000	10.704760000	14.1		
T	59.913580000	10.704120000	13.5		
T	59.913760000	10.703510000	14.2		
T	59.913980000	10.703080000	10.7		
T	59.914210000	10.702680000	10.0		
T	59.914390000	10.702310000	8.4		
T	59.914490000	10.702050000	7.2		
T	59.914660000	10.701680000	5.1		
T	59.914830000	10.701350000	4.9		
T	59.915070000	10.701020000	4.3		
T	59.915220000	10.700870000	4.8		
T	59.915370000	10.700790000	5.3		
T	59.915500000	10.700720000	5.8		
T	59.915620000	10.700690000	6.2		
T	59.916040000	10.700670000	7.7		
T	59.916250000	10.700570000	8.5		
T	59.916470000	10.700390000	10.0		
T	59.917320000	10.699500000	12.1		
T	59.917400000	10.699390000	12.1		
T	59.917460000	10.699240000	12.6		
T	59.917520000	10.699040000	13.1		
T	59.917810000	10.697570000	14.1		
T	59.917960000	10.697060000	15.3		
T	59.918090000	10.696770000	15.0		
T	59.918250000	10.696490000	14.6		
T	59.918360000	10.696340000	15.2		
T	59.918460000	10.696210000	15.3		
T	59.918650000	10.696030000	15.2		
T	59.918840000	10.695810000	15.0		
T	59.918990000	10.695590000	15.0		
T	59.919140000	10.695340000	14.2		
T	59.919260000	10.695090000	15.1		
T	59.919510000	10.694350000	14.4		
T	59.919590000	10.694260000	14.4		
T	59.919970000	10.694140000	14.8		
T	59.920250000	10.694140000	15.0		
T	59.920440000	10.694190000	15.8		
T	59.920530000	10.694230000	16.2		
T	59.920600000	10.694240000	16.3		
T	59.920660000	10.694220000	16.2		
T	59.920910000	10.694900000	18.2		
T	59.921110000	10.695320000	19.2		
T	59.921280000	10.695610000	19.7		
T	59.921680000	10.696090000	21.0		
T	59.922120000	10.696610000	25.8		
T	59.922430000	10.697060000	27.1		
T	59.922680000	10.697490000	29.0		
T	59.922980000	10.698160000	30.7		
T	59.923130000	10.698590000	32.0		
T	59.923250000	10.699040000	31.3		
T	59.923300000	10.699310000	31.6		
T	59.923330000	10.699600000	32.6		
T	59.923380000	10.700170000	33.7		
T	59.923370000	10.700650000	34.0		
T	59.923340000	10.700990000	34.0		
T	59.923120000	10.702200000	35.4		
T	59.922840000	10.703600000	33.0		
T	59.922830000	10.703790000	33.0		
T	59.922730000	10.704340000	32.9		
T	59.922720000	10.704460000	32.8		
T	59.922800000	10.704800000	33.4		
T	59.922810000	10.704960000	33.7		
T	59.924240000	10.707460000	36.3		
T	59.924820000	10.708440000	38.0		
T	59.925950000	10.710440000	41.2		
T	59.926940000	10.712060000	43.4		
T	59.927520000	10.710490000	44.1		
T	59.928370000	10.708370000	43.2		
T	59.928710000	10.707320000	43.0		
T	59.928860000	10.707070000	43.5		
T	59.929020000	10.706910000	44.1		
T	59.929160000	10.706860000	44.3		
T	59.929320000	10.706870000	44.8		
T	59.929480000	10.706980000	45.0		
T	59.929720000	10.707180000	45.1		
T	59.929800000	10.707200000	45.4		
T	59.929920000	10.707310000	45.7		
T	59.930170000	10.707460000	46.6		
T	59.930310000	10.707440000	47.1		
T	59.930430000	10.707390000	47.5		
T	59.930600000	10.707250000	48.2		
T	59.930760000	10.707030000	49.4		
T	59.930900000	10.706900000	50.7		
T	59.931260000	10.706380000	52.6		
T	59.931640000	10.705960000	53.5		
T	59.931940000	10.705660000	55.6		
T	59.932010000	10.705520000	56.2		
T	59.932100000	10.705500000	56.6		
T	59.932280000	10.705130000	58.1		
T	59.932470000	10.704660000	58.8		
T	59.932650000	10.704270000	59.5		
T	59.933040000	10.703580000	59.0		
T	59.933040000	10.703480000	58.7		
T	59.933070000	10.703380000	58.2		
T	59.933100000	10.703320000	58.0		
T	59.933150000	10.703310000	58.0		
T	59.933290000	10.703030000	57.8		
T	59.933440000	10.702610000	56.0		
T	59.933550000	10.702190000	55.8		
T	59.933690000	10.701540000	55.7		
T	59.934480000	10.697680000	55.9		
T	59.934610000	10.696840000	54.6		
T	59.934980000	10.693890000	55.9		
T	59.933580000	10.692640000	50.8		
T	59.932850000	10.691940000	49.3		
T	59.932070000	10.691230000	46.5		
T	59.931750000	10.691760000	46.0		
T	59.931040000	10.692850000	44.9		
T	59.930280000	10.693920000	43.0		
T	59.929385254	10.695094705	46.6		
T	59.929295787	10.695205251	47.3		
T	59.929198951	10.695319771	47.9		
T	59.929113156	10.695341234	47.9		
T	59.928790000	10.694960000	47.2		
T	59.928690000	10.694900000	47.4		
T	59.928570000	10.694890000	47.8		
T	59.928510000	10.694900000	48.1		
T	59.928220000	10.695050000	50.4		
T	59.928110000	10.695140000	51.9		
T	59.927970000	10.695350000	52.6		
T	59.927710000	10.696050000	48.5		
T	59.927500000	10.696700000	46.0		
T	59.927396634	10.697071399	46.0		
T	59.927345292	10.697338784	45.6		
T	59.927330998	10.697554179	44.9		
T	59.927283428	10.697681035	44.5		
T	59.927147313	10.697723017	43.7		
T	59.926685000	10.697717000	40.6		
T	59.925743866	10.697545292	35.6		
T	59.925322592	10.697608467	33.3		
T	59.925053369	10.697710881	31.6		
T	59.924789050	10.697930736	31.0		
T	59.924642962	10.698164925	31.0		
T	59.924586203	10.698457140	30.8		
T	59.924614916	10.698718607	29.9		
T	59.924677246	10.698938152	29.4		
T	59.924797000	10.699113000	30.3		
T	59.924852000	10.699183000	30.4		
T	59.925128000	10.699532000	31.5		
T	59.925720000	10.700300000	33.6		
T	59.925126000	10.700721000	32.1		
T	59.925034000	10.700788000	31.4		
T	59.924997000	10.700818000	31.0		
T	59.924759000	10.700987000	30.1		
T	59.924685000	10.701053000	31.0		
T	59.924628000	10.701094000	31.9		
T	59.924628000	10.701094000	31.9		
T	59.924254961	10.701364862	34.0		
T	59.923697255	10.701761436	34.7		
T	59.923517419	10.701892319	35.6		
T	59.923280000	10.701870000	35.3		
T	59.923260000	10.701790000	34.8		
T	59.923430000	10.700830000	34.0		
T	59.923450000	10.700340000	34.0		
T	59.923430000	10.699860000	33.2		
T	59.923350000	10.699180000	31.0		
T	59.923160000	10.698410000	30.2		
T	59.922920000	10.697820000	28.9		
T	59.922670000	10.697300000	26.1		
T	59.922420000	10.696860000	25.5		
T	59.922130000	10.696460000	23.9		
T	59.921350000	10.695520000	19.0		
T	59.921090000	10.695100000	18.5		
T	59.920790000	10.694380000	16.8		
T	59.920610000	10.693890000	15.2		
T	59.920150000	10.692350000	12.3		
T	59.919960000	10.692050000	10.9		
T	59.919960000	10.691900000	10.7		
T	59.919990000	10.691700000	10.1		
T	59.920200000	10.691050000	8.8		
T	59.920330000	10.690720000	7.6		
T	59.920460000	10.690450000	6.5		
T	59.921100000	10.689300000	4.0		
T	59.921330000	10.688790000	2.9		
T	59.922060000	10.686870000	3.0		
T	59.922140000	10.686400000	3.0		
T	59.922140000	10.686090000	3.0		
T	59.922110000	10.685760000	3.1		
T	59.921970000	10.684210000	3.1		
T	59.921840000	10.682840000	3.4		
T	59.921830000	10.682460000	2.9		
T	59.921790000	10.682310000	2.6		
T	59.921700000	10.682260000	2.2		
T	59.921120000	10.682240000	2.1		
T	59.921060000	10.682220000	2.0		
T	59.921000000	10.682170000	2.2		
T	59.920950000	10.682070000	2.5		
T	59.920940000	10.681950000	3.0		
T	59.921230000	10.681370000	3.0		
T	59.921390000	10.680890000	3.0		
T	59.921470000	10.680510000	3.4		
T	59.921520000	10.679990000	4.1		
T	59.921520000	10.679480000	3.6		
T	59.921500000	10.679100000	2.9		
T	59.921460000	10.678940000	2.4		
T	59.921290000	10.679000000	2.5		
T	59.921140000	10.679010000	2.8		
T	59.920940000	10.678990000	3.4		
T	59.920690000	10.679000000	6.3		
T	59.920420000	10.679020000	9.2		
T	59.920320000	10.679060000	9.8		
T	59.920240000	10.679100000	9.5		
T	59.920170000	10.679180000	8.9		
T	59.920070000	10.679340000	8.7		
T	59.919950000	10.679640000	8.2		
T	59.919750000	10.680330000	7.3		
T	59.919730000	10.680420000	7.1		
T	59.919700000	10.680620000	8.3		
T	59.919660000	10.680850000	10.2		
T	59.919580000	10.681070000	7.9		
T	59.919510000	10.681270000	6.5		
T	59.919410000	10.681470000	5.9		
T	59.919320000	10.681660000	6.7		
T	59.919190000	10.681900000	4.9		
T	59.919070000	10.682070000	3.4		
T	59.919010000	10.682130000	3.0		
T	59.918920000	10.682180000	2.4		
T	59.918770000	10.682340000	2.2		
T	59.918680000	10.682500000	2.2		
T	59.918540000	10.682810000	2.7		
T	59.918400000	10.683100000	2.8		
T	59.918350000	10.683310000	2.9		
T	59.918190000	10.683720000	2.5		
T	59.918060000	10.684130000	3.0		
T	59.917960000	10.684570000	3.0		
T	59.917900000	10.684930000	3.0		
T	59.917850000	10.685710000	4.3		
T	59.917830000	10.686340000	4.7		
T	59.917790000	10.686670000	3.9		
T	59.917610000	10.687610000	2.8		
T	59.917800000	10.687950000	2.2		
T	59.917940000	10.688300000	1.9		
T	59.917990000	10.688480000	1.9		
T	59.918010000	10.688690000	1.8		
T	59.918020000	10.688900000	1.9		
T	59.918020000	10.689120000	1.9		
T	59.917980000	10.689410000	1.7		
T	59.917950000	10.689570000	1.7		
T	59.917910000	10.689730000	1.5		
T	59.917850000	10.689900000	1.7		
T	59.917770000	10.690050000	2.2		
T	59.917590000	10.690350000	2.5		
T	59.917400000	10.690610000	2.4		
T	59.916980000	10.691080000	1.9		
T	59.916820000	10.691260000	1.3		
T	59.916580000	10.691570000	1.3		
T	59.916380000	10.691920000	1.9		
T	59.916150000	10.692380000	2.3		
T	59.915990000	10.692800000	2.2		
T	59.915840000	10.693300000	2.9		
T	59.915720000	10.693840000	2.1		
T	59.915660000	10.694160000	1.8		
T	59.915610000	10.694480000	2.0		
T	59.915460000	10.695980000	2.1		
T	59.915410000	10.696300000	2.3		
T	59.915340000	10.696610000	2.2		
T	59.915260000	10.696910000	2.7		
T	59.915180000	10.697180000	2.2		
T	59.914950000	10.697790000	1.9		
T	59.914900000	10.697900000	2.1		
T	59.914700000	10.698290000	1.9		
T	59.914430000	10.698740000	1.9		
T	59.914140000	10.699180000	1.8		
T	59.911740000	10.702730000	2.0		
T	59.911560000	10.703070000	2.3		
T	59.910990000	10.704560000	2.7		
T	59.910910000	10.704810000	3.0		
T	59.910700000	10.705550000	2.5		
T	59.910550000	10.706290000	2.9		
T	59.910450000	10.706320000	1.9		
T	59.910380000	10.706930000	1.7		
T	59.910360000	10.707620000	1.4		
T	59.910250000	10.708480000	2.5		
T	59.910226838	10.708652355	2.8		
T	59.910129809	10.708884328	2.5		
T	59.910046431	10.709451013	3.2		
T	59.910090000	10.709670000	3.1		
T	59.910126896	10.709817945	3.2		
T	59.910120000	10.709940000	3.3		
T	59.909990000	10.710390000	3.6		
T	59.909970000	10.710530000	3.1		
T	59.909960000	10.710790000	3.0		
T	59.909800000	10.712100000	2.7		
T	59.909640000	10.713690000	3.0		
T	59.909600000	10.714220000	3.0		
T	59.909560000	10.715270000	3.0		
T	59.909550000	10.716340000	3.0		
T	59.909570000	10.716860000	2.7		
T	59.909620000	10.717350000	2.0		
T	59.909690000	10.717790000	3.0		
T	59.909880000	10.718560000	3.0		
T	59.910080000	10.718980000	3.2		
T	59.910260000	10.719280000	3.0		
T	59.910430000	10.719620000	3.5		
T	59.910520000	10.719930000	3.9		
T	59.910540000	10.720250000	3.1		
T	59.910510000	10.720470000	2.9		
T	59.910470000	10.720630000	2.8		
T	59.910470000	10.720740000	2.9		
T	59.910350000	10.720980000	3.0		
T	59.909980000	10.721600000	3.0		
T	59.909630000	10.722110000	2.6		
T	59.909530000	10.722330000	2.5		
T	59.909530000	10.722380000	2.5		
T	59.909590000	10.722580000	2.7		
T	59.909290000	10.723090000	2.9		
T	59.909170000	10.723210000	3.0		
T	59.909110000	10.723220000	3.0		
T	59.909040000	10.723190000	3.0		
T	59.908210000	10.722280000	4.0		
T	59.908135816	10.722261545	4.0		
T	59.908083251	10.722316590	4.0		
T	59.908071345	10.722385257	4.0		
T	59.908080000	10.722530000	4.0		
T	59.908220000	10.723480000	3.8		
T	59.908360000	10.724280000	1.0		
T	59.909310000	10.726300000	2.3		
T	59.910550000	10.729090000	3.0		
T	59.910580000	10.729110000	3.0		
T	59.911030000	10.730270000	2.7		
T	59.911170000	10.730980000	2.2		
T	59.911160000	10.731210000	2.2		
T	59.910580000	10.734150000	2.1		
T	59.910380000	10.734470000	2.5		
T	59.910270000	10.734580000	3.0		
T	59.909980000	10.734630000	2.7		
T	59.909690000	10.734730000	3.0		
T	59.909300000	10.734870000	2.5		
T	59.907830000	10.734850000	2.5		
T	59.907600000	10.734890000	2.9		
T	59.907260000	10.735020000	3.1		
T	59.906920000	10.735190000	6.1		
T	59.906440000	10.735480000	2.7		
T	59.906170000	10.735630000	3.0		
T	59.905930000	10.735800000	2.3		
T	59.905790000	10.735930000	2.3		
T	59.905590000	10.736210000	2.7		
T	59.905460000	10.736480000	2.8		
T	59.905280000	10.736990000	2.2		
T	59.905110000	10.737490000	2.4		
T	59.904980000	10.737740000	2.8		
T	59.904940186	10.737860470	2.8		
T	59.904613001	10.738181187	2.8		
T	59.904601209	10.738209318	2.8		
T	59.904601575	10.738252813	2.9		
T	59.904621150	10.738321945	3.0		
T	59.904637307	10.738344189	3.1		
T	59.904653971	10.738340065	3.1		
T	59.904949277	10.738047924	3.0		
T	59.905140000	10.738240000	4.2		
T	59.905990000	10.738270000	6.1		
T	59.906420000	10.738330000	6.0		
T	59.906570000	10.738400000	6.2		
T	59.906860000	10.738590000	6.0		
T	59.907620000	10.739320000	6.7		
T	59.908310000	10.739940000	7.2		
T	59.908370000	10.739970000	7.1		
T	59.908420000	10.739970000	7.1		
T	59.908460000	10.739920000	7.3		
T	59.908610000	10.739330000	8.0		
T	59.908650000	10.739260000	8.0		
T	59.908710000	10.739270000	8.0		
T	59.910000000	10.740490000	6.0		
T	59.909900000	10.740850000	6.0		
T	59.909750000	10.741500000	5.0		
T	59.910696992	10.742410956	6.0		
T	59.910742762	10.742577117	6.0		
T	59.910751771	10.742775765	6.0		
T	59.909998288	10.745937456	5.0		
T	59.910627452	10.746520712	4.1		
T	59.911417052	10.743320856	8.0		
T	59.911506401	10.743234860	8.2		
T	59.911597237	10.743276445	8.2		
T	59.912430000	10.744070000	10.7		
T	59.912920000	10.744600000	11.2		
T	59.913180000	10.744840000	11.4		
T	59.913266839	10.744822791	11.8		
T	59.913341226	10.744730000	12.1		
T	59.914445846	10.741612697	14.8		
T	59.915696155	10.741153412	13.1		
T	59.915827065	10.741067533	13.0		
T	59.915894302	10.740901891	13.2		
T	59.915924327	10.740711866	13.0		
T	59.915969256	10.740365991	12.7		
T	59.916010235	10.740082543	12.2		
T	59.916572293	10.738195631	12.0		
T	59.917093438	10.736339416	12.0		
T	59.917336721	10.735604479	13.3		
T	59.917812537	10.736149779	14.0		
T	59.917886285	10.737886870	15.0		
T	59.918009137	10.738053358	15.0		
T	59.918553521	10.737173492	16.8		
T	59.920082069	10.735533753	22.3		
T	59.920214288	10.735635805	22.8		
T	59.921057790	10.736712604	30.8		
T	59.921192868	10.736730714	31.3		
T	59.923040255	10.735404174	39.4		
T	59.923126609	10.736117614	42.0		
T	59.923169786	10.736175890	42.2		
T	59.923241933	10.736171400	42.2		
T	59.923589782	10.735219176	39.0		
T	59.925887378	10.734607326	44.2		
T	59.926110650	10.734473591	45.0		
T	59.926129862	10.734350568	45.0		
T	59.926074478	10.734266137	44.8		
T	59.925875302	10.734417042	44.1		
T	59.924006869	10.734860661	39.4		
T	59.923929824	10.734506507	38.5		
T	59.924014942	10.734338202	38.4		
T	59.924305153	10.734093071	37.5		
T	59.924564716	10.734407341	37.5		
T	59.924803637	10.734409438	37.5		
T	59.925535535	10.733751572	37.0		
T	59.925645336	10.733557367	38.2		
T	59.925719327	10.733333610	38.2		
T	59.925727231	10.732893587	39.2		
T	59.925631140	10.732547718	38.3		
T	59.925489378	10.732353746	37.4		
T	59.925332515	10.732306780	37.1		
T	59.925170831	10.732375883	37.0		
T	59.924461162	10.733038619	37.0		
T	59.924369491	10.733235450	36.7		
T	59.924303919	10.733480020	36.8		
T	59.924261408	10.733900871	37.7		
T	59.923958123	10.734202395	37.4		
T	59.923733598	10.734600664	37.8		
T	59.923524558	10.735113278	39.0		
T	59.923335008	10.735223727	39.0		
T	59.923057639	10.735281338	39.0		
T	59.921133694	10.736605737	30.9		
T	59.920068663	10.735278790	22.2		
T	59.918532102	10.736980961	16.7		
T	59.918023603	10.737758134	15.0		
T	59.917981339	10.737722210	14.9		
T	59.917917704	10.736134988	14.0		
T	59.917308765	10.735352730	13.3		
T	59.916473391	10.738241763	12.0		
T	59.915954480	10.740014885	12.0		
T	59.915898306	10.740339929	12.4		
T	59.915838083	10.740672867	13.0		
T	59.915736566	10.740891881	13.0		
T	59.915538410	10.741049554	13.0		
T	59.914372411	10.741487505	14.5		
T	59.913497699	10.743880300	13.6		
T	59.912680206	10.743021719	12.6		
T	59.913797971	10.738827020	8.8		
T	59.913143492	10.738085302	6.3		
T	59.912859370	10.739277980	9.2		
T	59.912683247	10.739644845	10.4		
T	59.912430000	10.739840000	12.3		
T	59.912230000	10.740100000	13.3		
T	59.912150000	10.740280000	13.7		
T	59.911546882	10.742819328	8.6		
T	59.911442066	10.742992755	8.2		
T	59.911327615	10.742993224	7.8		
T	59.910970974	10.742673205	6.5		
T	59.910901249	10.742494831	6.2		
T	59.910896498	10.742285352	6.4		
T	59.911420108	10.739966904	10.3		
T	59.911419438	10.739731116	11.0		
T	59.911354637	10.739580608	10.9		
T	59.910450000	10.738660000	9.9		
T	59.910380000	10.738520000	9.8		
T	59.910380000	10.738390000	9.5		
T	59.910490000	10.737870000	9.3		
T	59.911060000	10.735450000	4.1		
T	59.911030000	10.735310000	4.0		
T	59.911030000	10.735140000	3.4		
T	59.911230000	10.734230000	3.0		
T	59.911470000	10.733180000	3.3		